0.510791
0.482038
0.455044
0.4297
0.405902
0.383556
0.362572
0.342863
0.324353
0.306966
0.290633
0.275288
0.26087
0.247322
0.23459
0.222624
0.211375
0.200801
0.190858
0.181509
0.172715
0.164444
0.156662
0.14934
0.14245
0.135963
0.129857
0.124107
0.118691
0.113589
0.108782
0.104251
0.0999799
0.0959522
0.0921531
0.0885687
0.0851859
0.0819923
0.0789764
0.0761274
0.0734351
0.0708899
0.0684829
0.0662058
0.0640507
0.0620101
0.0600772
0.0582455
0.0565089
0.0548616
0.0532984
0.0518141
0.0504041
0.0490639
0.0477894
0.0465767
0.0454221
0.0443222
0.0432737
0.0422738
0.0413194
0.040408
0.039537
0.0387041
0.0379072
0.0371441
0.0364129
0.0357118
0.0350391
0.0343932
0.0337725
0.0331757
0.0326014
0.0320484
0.0315156
0.0310017
0.0305058
0.0300269
0.0295641
0.0291166
0.0286835
0.0282641
0.0278576
0.0274635
0.027081
0.0267096
0.0263487
0.0259979
0.0256565
0.0253242
0.0250006
0.0246851
0.0243775
0.0240773
0.0237842
0.023498
0.0232182
0.0229446
0.022677
0.0224151
0.0221586
0.0219074
0.0216611
0.0214197
0.0211829
0.0209505
0.0207224
0.0204984
0.0202784
0.0200622
0.0198497
0.0196408
0.0194352
0.0192331
0.0190341
0.0188382
0.0186454
0.0184555
0.0182684
0.0180841
0.0179024
0.0177233
0.0175468
0.0173727
0.017201
0.0170317
0.0168646
0.0166998
0.0165371
0.0163765
0.016218
0.0160615
0.015907
0.0157544
0.0156037
0.0154548
0.0153078
0.0151625
0.015019
0.0148772
0.0147371
0.0145986
0.0144617
0.0143264
0.0141927
0.0140605
0.0139298
0.0138006
0.0136728
0.0135465
0.0134216
0.0132981
0.0131759
0.0130551
0.0129357
0.0128175
0.0127006
0.012585
0.0124706
0.0123575
0.0122456
0.0121349
0.0120254
0.011917
0.0118098
0.0117038
0.0115989
0.011495
0.0113923
0.0112907
0.0111901
0.0110905
0.0109921
0.0108946
0.0107982
0.0107027
0.0106083
0.0105148
0.0104223
0.0103308
0.0102402
0.0101505
0.0100618
0.00997397
0.00988705
0.00980102
0.00971587
0.0096316
0.00954819
0.00946563
0.00938391
0.00930302
0.00922296
0.00914372
0.00906528
0.00898764
0.00891078
0.0088347
0.0087594
0.00868486
0.00861107
0.00853803
0.00846572
0.00839415
0.0083233
0.00825316
0.00818373
0.00811499
0.00804695
0.00797959
0.00791291
0.0078469
0.00778155
0.00771685
0.0076528
0.0075894
0.00752663
0.00746448
0.00740296
0.00734205
0.00728176
0.00722206
0.00716296
0.00710444
0.00704651
0.00698916
0.00693238
0.00687616
0.0068205
0.00676539
0.00671083
0.00665681
0.00660333
0.00655038
0.00649795
0.00644605
0.00639465
0.00634377
0.00629339
0.00624351
0.00619411
0.00614521
0.00609679
0.00604885
0.00600138
0.00595438
0.00590784
0.00586176
0.00581614
0.00577096
0.00572623
0.00568194
0.00563808
0.00559465
0.00555165
0.00550907
0.00546691
0.00542517
0.00538383
0.0053429
0.00530237
0.00526223
0.00522249
0.00518314
0.00514417
0.00510558
0.00506737
0.00502953
0.00499206
0.00495496
0.00491822
0.00488184
0.00484581
0.00481013
0.0047748
0.00473981
0.00470517
0.00467086
0.00463688
0.00460324
0.00456992
0.00453693
0.00450425
0.00447189
0.00443985
0.00440812
0.00437669
0.00434557
0.00431475
0.00428423
0.004254
0.00422407
0.00419442
0.00416506
0.00413599
0.0041072
0.00407868
0.00405044
0.00402247
0.00399477
0.00396734
0.00394017
0.00391327
0.00388662
0.00386023
0.00383409
0.00380821
0.00378257
0.00375718
0.00373204
0.00370713
0.00368247
0.00365804
0.00363384
0.00360988
0.00358615
0.00356264
0.00353936
0.0035163
0.00349347
0.00347085
0.00344845
0.00342626
0.00340428
0.00338252
0.00336096
0.00333961
0.00331846
0.00329751
0.00327676
0.00325621
0.00323586
0.0032157
0.00319573
0.00317596
0.00315637
0.00313696
0.00311775
0.00309871
0.00307985
0.00306118
0.00304268
0.00302436
0.00300621
0.00298823
0.00297043
0.00295279
0.00293532
0.00291801
0.00290087
0.00288389
0.00286708
0.00285042
0.00283392
0.00281757
0.00280138
0.00278534
0.00276946
0.00275372
0.00273813
0.00272269
0.0027074
0.00269225
0.00267724
0.00266237
0.00264765
0.00263306
0.00261861
0.0026043
0.00259012
0.00257607
0.00256216
0.00254837
0.00253472
0.00252119
0.0025078
0.00249452
0.00248137
0.00246835
0.00245545
0.00244267
0.00243
0.00241746
0.00240503
0.00239273
0.00238053
0.00236845
0.00235648
0.00234463
0.00233289
0.00232125
0.00230973
0.00229831
0.002287
0.00227579
0.00226469
0.00225369
0.0022428
0.002232
0.00222131
0.00221072
0.00220022
0.00218983
0.00217953
0.00216932
0.00215921
0.0021492
0.00213928
0.00212945
0.00211971
0.00211006
0.0021005
0.00209103
0.00208165
0.00207236
0.00206315
0.00205402
0.00204499
0.00203603
0.00202716
0.00201837
0.00200966
0.00200104
0.00199249
0.00198402
0.00197563
0.00196732
0.00195908
0.00195092
0.00194284
0.00193483
0.00192689
0.00191903
0.00191124
0.00190352
0.00189588
0.0018883
0.0018808
0.00187336
0.00186599
0.00185869
0.00185146
0.00184429
0.00183719
0.00183015
0.00182318
0.00181628
0.00180943
0.00180265
0.00179593
0.00178928
0.00178268
0.00177615
0.00176967
0.00176326
0.0017569
0.0017506
0.00174436
0.00173818
0.00173205
0.00172598
0.00171997
0.00171401
0.0017081
0.00170225
0.00169646
0.00169071
0.00168502
0.00167938
0.00167379
0.00166825
0.00166277
0.00165733
0.00165194
0.00164661
0.00164132
0.00163608
0.00163088
0.00162574
0.00162064
0.00161559
0.00161058
0.00160562
0.0016007
0.00159583
0.00159101
0.00158622
0.00158148
0.00157679
0.00157213
0.00156752
0.00156295
0.00155843
0.00155394
0.00154949
0.00154509
0.00154072
0.0015364
0.00153211
0.00152786
0.00152365
0.00151948
0.00151535
0.00151125
0.00150719
0.00150317
0.00149919
0.00149524
0.00149132
0.00148744
0.0014836
0.00147979
0.00147602
0.00147228
0.00146857
0.0014649
0.00146126
0.00145765
0.00145408
0.00145053
0.00144702
0.00144355
0.0014401
0.00143668
0.0014333
0.00142994
0.00142662
0.00142332
0.00142006
0.00141682
0.00141361
0.00141044
0.00140729
0.00140417
0.00140107
0.00139801
0.00139497
0.00139196
0.00138898
0.00138602
0.00138309
0.00138019
0.00137731
0.00137446
0.00137163
0.00136883
0.00136605
0.0013633
0.00136057
0.00135787
0.00135519
0.00135254
0.00134991
0.0013473
0.00134472
0.00134216
0.00133962
0.00133711
0.00133461
0.00133214
0.0013297
0.00132727
0.00132486
0.00132248
0.00132012
0.00131778
0.00131546
0.00131316
0.00131088
0.00130862
0.00130638
0.00130416
0.00130196
0.00129979
0.00129763
0.00129548
0.00129336
0.00129126
0.00128917
0.00128711
0.00128506
0.00128303
0.00128102
0.00127903
0.00127705
0.00127509
0.00127315
0.00127123
0.00126932
0.00126743
0.00126556
0.0012637
0.00126186
0.00126004
0.00125823
0.00125644
0.00125466
0.0012529
0.00125116
0.00124943
0.00124771
0.00124601
0.00124433
0.00124266
0.00124101
0.00123937
0.00123774
0.00123613
0.00123453
0.00123295
0.00123138
0.00122983
0.00122828
0.00122676
0.00122524
0.00122374
0.00122225
0.00122078
0.00121932
0.00121787
0.00121643
0.00121501
0.00121359
0.0012122
0.00121081
0.00120943
0.00120807
0.00120672
0.00120538
0.00120405
0.00120274
0.00120143
0.00120014
0.00119886
0.00119759
0.00119633
0.00119508
0.00119385
0.00119262
0.0011914
0.0011902
0.001189
0.00118782
0.00118665
0.00118548
0.00118433
0.00118318
0.00118205
0.00118093
0.00117981
0.00117871
0.00117761
0.00117653
0.00117545
0.00117439
0.00117333
0.00117228
0.00117124
0.00117021
0.00116919
0.00116818
0.00116717
0.00116618
0.00116519
0.00116422
0.00116325
0.00116229
0.00116133
0.00116039
0.00115945
0.00115852
0.0011576
0.00115669
0.00115579
0.00115489
0.001154
0.00115312
0.00115225
0.00115138
0.00115052
0.00114967
0.00114883
0.00114799
0.00114716
0.00114634
0.00114552
0.00114471
0.00114391
0.00114312
0.00114233
0.00114155
0.00114077
0.00114001
0.00113925
0.00113849
0.00113774
0.001137
0.00113626
0.00113554
0.00113481
0.0011341
0.00113338
0.00113268
0.00113198
0.00113129
0.0011306
0.00112992
0.00112924
0.00112858
0.00112791
0.00112725
0.0011266
0.00112595
0.00112531
0.00112467
0.00112404
0.00112342
0.0011228
0.00112218
0.00112157
0.00112097
0.00112037
0.00111977
0.00111918
0.0011186
0.00111802
0.00111745
0.00111688
0.00111631
0.00111575
0.00111519
0.00111464
0.0011141
0.00111356
0.00111302
0.00111248
0.00111196
0.00111143
0.00111091
0.0011104
0.00110989
0.00110938
0.00110888
0.00110838
0.00110789
0.0011074
0.00110691
0.00110643
0.00110595
0.00110548
0.00110501
0.00110454
0.00110408
0.00110362
0.00110317
0.00110271
0.00110227
0.00110182
0.00110138
0.00110095
0.00110052
0.00110009
0.00109966
0.00109924
0.00109882
0.00109841
0.001098
0.00109759
0.00109718
0.00109678
0.00109638
0.00109599
0.0010956
0.00109521
0.00109482
0.00109444
0.00109406
0.00109369
0.00109331
0.00109294
0.00109258
0.00109221
0.00109185
0.00109149
0.00109114
0.00109079
0.00109044
0.00109009
0.00108975
0.00108941
0.00108907
0.00108873
0.0010884
0.00108807
0.00108774
0.00108742
0.0010871
0.00108678
0.00108646
0.00108614
0.00108583
0.00108552
0.00108522
0.00108491
0.00108461
0.00108431
0.00108401
0.00108372
0.00108343
0.00108314
0.00108285
0.00108256
0.00108228
0.001082
0.00108172
0.00108144
0.00108117
0.0010809
0.00108063
0.00108036
0.00108009
0.00107983
0.00107957
0.00107931
0.00107905
0.00107879
0.00107854
0.00107829
0.00107804
0.00107779
0.00107755
0.0010773
0.00107706
0.00107682
0.00107658
0.00107634
0.00107611
0.00107588
0.00107565
0.00107542
0.00107519
0.00107497
0.00107474
0.00107452
0.0010743
0.00107408
0.00107386
0.00107365
0.00107343
0.00107322
0.00107301
0.0010728
0.0010726
0.00107239
0.00107219
0.00107198
0.00107178
0.00107158
0.00107138
0.00107119
0.00107099
0.0010708
0.00107061
0.00107042
0.00107023
0.00107004
0.00106985
0.00106967
0.00106949
0.0010693
0.00106912
0.00106894
0.00106876
0.00106859
0.00106841
0.00106824
0.00106807
0.00106789
0.00106772
0.00106755
0.00106739
0.00106722
0.00106705
0.00106689
0.00106673
0.00106657
0.0010664
0.00106625
0.00106609
0.00106593
0.00106577
0.00106562
0.00106547
0.00106531
0.00106516
0.00106501
0.00106486
0.00106471
0.00106457
0.00106442
0.00106427
0.00106413
0.00106399
0.00106385
0.0010637
0.00106356
0.00106343
0.00106329
0.00106315
0.00106301
0.00106288
0.00106274
0.00106261
0.00106248
0.00106235
0.00106222
0.00106209
0.00106196
0.00106183
0.0010617
0.00106158
0.00106145
0.00106133
0.00106121
0.00106108
0.00106096
0.00106084
0.00106072
0.0010606
0.00106048
0.00106036
0.00106025
0.00106013
0.00106002
0.0010599
0.00105979
0.00105968
0.00105956
0.00105945
0.00105934
0.00105923
0.00105912
0.00105901
0.00105891
0.0010588
0.00105869
0.00105859
0.00105848
0.00105838
0.00105827
0.00105817
0.00105807
0.00105797
0.00105787
0.00105777
0.00105767
0.00105757
0.00105747
0.00105737
0.00105727
0.00105718
0.00105708
0.00105699
0.00105689
0.0010568
0.0010567
0.00105661
0.00105652
0.00105643
0.00105634
0.00105625
0.00105616
0.00105607
0.00105598
0.00105589
0.0010558
0.00105571
0.00105563
0.00105554
0.00105546
0.00105537
0.00105529
0.0010552
0.00105512
0.00105504
0.00105495
0.00105487
0.00105479
0.00105471
0.00105463
0.00105455
0.00105447
0.00105439
0.00105431
0.00105423
0.00105415
0.00105408
0.001054
0.00105392
0.00105385
0.00105377
